county	disability_percentage	tract	score
Aitkin	0.221	27001770100	53
Aitkin	0.187	27001770200	44
Aitkin	0.148	27001770300	35
Aitkin	0.235	27001770400	56
Aitkin	0.214	27001790501	51
Aitkin	0.137	27001790502	32
Anoka	0.195	27003050107	46
Anoka	0.098	27003050108	22
Anoka	0.115	27003050109	26
Anoka	0.077	27003050110	16
Anoka	0.082	27003050111	18
Anoka	0.059	27003050114	12
Anoka	0.080	27003050115	17
Anoka	0.080	27003050116	17
Anoka	0.101	27003050208	23
Anoka	0.075	27003050210	16
Anoka	0.059	27003050215	12
Anoka	0.049	27003050216	9
Anoka	0.070	27003050217	15
Anoka	0.073	27003050218	15
Anoka	0.081	27003050219	17
Anoka	0.071	27003050220	15
Anoka	0.063	27003050221	13
Anoka	0.056	27003050222	11
Anoka	0.083	27003050223	18
Anoka	0.095	27003050224	21
Anoka	0.042	27003050225	8
Anoka	0.079	27003050226	17
Anoka	0.125	27003050227	29
Anoka	0.087	27003050228	19
Anoka	0.067	27003050229	14
Anoka	0.034	27003050230	6
Anoka	0.050	27003050232	10
Anoka	0.042	27003050233	8
Anoka	0.089	27003050234	20
Anoka	0.096	27003050235	21
Anoka	0.060	27003050236	12
Anoka	0.083	27003050237	18
Anoka	0.145	27003050401	34
Anoka	0.169	27003050402	40
Anoka	0.209	27003050501	50
Anoka	0.143	27003050504	33
Anoka	0.165	27003050505	39
Anoka	0.131	27003050602	30
Anoka	0.112	27003050605	25
Anoka	0.169	27003050606	40
Anoka	0.120	27003050607	27
Anoka	0.091	27003050608	20
Anoka	0.081	27003050609	17
Anoka	0.065	27003050610	14
Anoka	0.091	27003050702	20
Anoka	0.106	27003050704	24
Anoka	0.088	27003050706	19
Anoka	0.064	27003050707	13
Anoka	0.102	27003050709	23
Anoka	0.115	27003050710	26
Anoka	0.063	27003050711	13
Anoka	0.128	27003050712	29
Anoka	0.060	27003050805	12
Anoka	0.061	27003050806	12
Anoka	0.141	27003050807	33
Anoka	0.108	27003050808	24
Anoka	0.073	27003050809	16
Anoka	0.098	27003050810	22
Anoka	0.132	27003050811	30
Anoka	0.075	27003050813	16
Anoka	0.086	27003050816	19
Anoka	0.030	27003050818	5
Anoka	0.040	27003050819	7
Anoka	0.060	27003050820	12
Anoka	0.059	27003050821	12
Anoka	0.152	27003050901	36
Anoka	0.094	27003050902	21
Anoka	0.140	27003051001	32
Anoka	0.117	27003051002	27
Anoka	0.124	27003051101	29
Anoka	0.100	27003051102	22
Anoka	0.129	27003051103	30
Anoka	0.068	27003051201	14
Anoka	0.126	27003051202	29
Anoka	0.084	27003051203	18
Anoka	0.087	27003051206	19
Anoka	0.112	27003051302	25
Anoka	0.110	27003051304	25
Anoka	0.173	27003051305	41
Anoka	0.082	27003051400	18
Anoka	0.123	27003051501	28
Anoka	0.147	27003051502	34
Anoka	0.116	27003051600	26
Becker	0.094	27005450100	21
Becker	0.107	27005450200	24
Becker	0.114	27005450300	26
Becker	0.114	27005450400	26
Becker	0.128	27005450500	29
Becker	0.165	27005450600	39
Becker	0.098	27005450700	22
Becker	0.078	27005450800	17
Becker	0.111	27005450900	25
Becker	0.162	27005940000	38
Beltrami	0.106	27007450100	24
Beltrami	0.090	27007450200	20
Beltrami	0.115	27007450300	26
Beltrami	0.166	27007450400	39
Beltrami	0.167	27007450500	39
Beltrami	0.121	27007450600	28
Beltrami	0.087	27007450701	19
Beltrami	0.160	27007450702	37
Beltrami	0.105	27007940001	24
Beltrami	0.109	27007940002	24
Benton	0.108	27009020100	24
Benton	0.095	27009020202	21
Benton	0.084	27009020203	18
Benton	0.106	27009020205	24
Benton	0.234	27009020206	56
Benton	0.082	27009020300	18
Benton	0.107	27009021101	24
Benton	0.183	27009021102	43
Benton	0.156	27009021200	37
Big Stone	0.160	27011950100	38
Big Stone	0.144	27011950200	34
Big Stone	0.168	27011950300	39
Blue Earth	0.067	27013170100	14
Blue Earth	0.092	27013170200	20
Blue Earth	0.145	27013170300	34
Blue Earth	0.143	27013170400	33
Blue Earth	0.104	27013170500	23
Blue Earth	0.109	27013170600	24
Blue Earth	0.126	27013170700	29
Blue Earth	0.104	27013170800	23
Blue Earth	0.108	27013170900	24
Blue Earth	0.111	27013171000	25
Blue Earth	0.026	27013171101	3
Blue Earth	0.111	27013171202	25
Blue Earth	0.068	27013171300	14
Blue Earth	0.122	27013171400	28
Blue Earth	0.120	27013171500	27
Blue Earth	0.051	27013171600	10
Brown	0.092	27015960101	20
Brown	0.092	27015960102	20
Brown	0.107	27015960200	24
Brown	0.125	27015960300	29
Brown	0.116	27015960400	26
Brown	0.111	27015960500	25
Brown	0.148	27015960600	34
Brown	0.081	27015960700	17
Carlton	0.163	27017070100	38
Carlton	0.138	27017070200	32
Carlton	0.091	27017070300	20
Carlton	0.098	27017070400	22
Carlton	0.153	27017070500	36
Carlton	0.129	27017070600	30
Carlton	0.120	27017940000	27
Carver	0.102	27019090100	23
Carver	0.070	27019090200	15
Carver	0.118	27019090301	27
Carver	0.026	27019090302	4
Carver	0.048	27019090401	9
Carver	0.042	27019090402	8
Carver	0.029	27019090501	4
Carver	0.027	27019090502	4
Carver	0.041	27019090503	7
Carver	0.071	27019090601	15
Carver	0.031	27019090602	5
Carver	0.050	27019090701	10
Carver	0.029	27019090702	4
Carver	0.076	27019090800	16
Carver	0.077	27019090900	17
Carver	0.084	27019091000	18
Carver	0.038	27019091100	7
Carver	0.096	27019091201	21
Carver	0.064	27019091202	13
Cass	0.202	27021940001	48
Cass	0.153	27021940002	36
Cass	0.205	27021960100	49
Cass	0.198	27021960200	47
Cass	0.172	27021960301	41
Cass	0.165	27021960302	39
Cass	0.162	27021960600	38
Cass	0.135	27021960700	31
Cass	0.082	27021960801	18
Cass	0.153	27021960802	36
Chippewa	0.145	27023950300	34
Chippewa	0.118	27023950400	27
Chippewa	0.117	27023950500	27
Chippewa	0.143	27023950600	33
Chisago	0.093	27025110100	21
Chisago	0.109	27025110200	25
Chisago	0.113	27025110301	26
Chisago	0.100	27025110302	22
Chisago	0.096	27025110401	21
Chisago	0.105	27025110402	24
Chisago	0.107	27025110501	24
Chisago	0.135	27025110502	31
Chisago	0.056	27025110600	11
Chisago	0.110	27025110700	25
Clay	0.099	27027020100	22
Clay	0.180	27027020202	43
Clay	0.116	27027020300	26
Clay	0.069	27027020400	14
Clay	0.101	27027020500	23
Clay	0.120	27027020600	27
Clay	0.116	27027030102	26
Clay	0.105	27027030103	24
Clay	0.085	27027030104	18
Clay	0.082	27027030106	18
Clay	0.058	27027030107	12
Clay	0.087	27027030201	19
Clay	0.086	27027030202	19
Clearwater	0.207	27029000100	49
Clearwater	0.183	27029000200	43
Clearwater	0.132	27029000300	31
Cook	0.108	27031480100	24
Cook	0.107	27031480200	24
Cottonwood	0.134	27033270100	31
Cottonwood	0.121	27033270200	28
Cottonwood	0.130	27033270300	30
Cottonwood	0.149	27033270400	35
Crow Wing	0.161	27035950100	38
Crow Wing	0.162	27035950204	38
Crow Wing	0.116	27035950400	26
Crow Wing	0.099	27035950501	22
Crow Wing	0.104	27035950502	23
Crow Wing	0.170	27035950700	40
Crow Wing	0.143	27035950800	33
Crow Wing	0.088	27035950900	19
Crow Wing	0.174	27035951000	41
Crow Wing	0.184	27035951100	44
Crow Wing	0.213	27035951200	51
Crow Wing	0.078	27035951301	17
Crow Wing	0.173	27035951302	41
Crow Wing	0.130	27035951400	30
Crow Wing	0.154	27035951600	36
Crow Wing	0.143	27035951700	33
Dakota	0.097	27037060101	21
Dakota	0.152	27037060102	35
Dakota	0.087	27037060103	19
Dakota	0.130	27037060104	30
Dakota	0.130	27037060105	30
Dakota	0.076	27037060201	16
Dakota	0.118	27037060202	27
Dakota	0.131	27037060301	30
Dakota	0.105	27037060302	24
Dakota	0.110	27037060401	25
Dakota	0.113	27037060402	26
Dakota	0.137	27037060502	32
Dakota	0.092	27037060503	20
Dakota	0.112	27037060505	25
Dakota	0.159	27037060506	37
Dakota	0.105	27037060507	24
Dakota	0.057	27037060508	12
Dakota	0.061	27037060509	13
Dakota	0.077	27037060603	17
Dakota	0.112	27037060604	25
Dakota	0.106	27037060605	24
Dakota	0.079	27037060606	17
Dakota	0.049	27037060709	10
Dakota	0.090	27037060710	20
Dakota	0.158	27037060711	37
Dakota	0.054	27037060713	11
Dakota	0.084	27037060714	18
Dakota	0.048	27037060716	9
Dakota	0.062	27037060717	13
Dakota	0.050	27037060721	10
Dakota	0.157	27037060725	37
Dakota	0.100	27037060726	22
Dakota	0.107	27037060727	24
Dakota	0.069	27037060728	14
Dakota	0.056	27037060729	11
Dakota	0.030	27037060730	5
Dakota	0.029	27037060731	4
Dakota	0.061	27037060732	12
Dakota	0.092	27037060733	20
Dakota	0.042	27037060734	8
Dakota	0.092	27037060735	20
Dakota	0.126	27037060737	29
Dakota	0.090	27037060738	20
Dakota	0.055	27037060739	11
Dakota	0.097	27037060741	21
Dakota	0.052	27037060742	10
Dakota	0.081	27037060743	17
Dakota	0.059	27037060744	12
Dakota	0.118	27037060745	27
Dakota	0.098	27037060746	22
Dakota	0.088	27037060747	19
Dakota	0.079	27037060748	17
Dakota	0.046	27037060749	9
Dakota	0.121	27037060750	28
Dakota	0.088	27037060805	19
Dakota	0.051	27037060806	10
Dakota	0.095	27037060811	21
Dakota	0.076	27037060812	16
Dakota	0.037	27037060813	6
Dakota	0.067	27037060814	14
Dakota	0.077	27037060815	16
Dakota	0.044	27037060816	8
Dakota	0.063	27037060817	13
Dakota	0.075	27037060818	16
Dakota	0.076	27037060819	16
Dakota	0.042	27037060820	8
Dakota	0.095	27037060821	21
Dakota	0.046	27037060822	9
Dakota	0.052	27037060823	10
Dakota	0.088	27037060824	19
Dakota	0.043	27037060825	8
Dakota	0.110	27037060826	25
Dakota	0.074	27037060828	16
Dakota	0.033	27037060829	5
Dakota	0.054	27037060902	11
Dakota	0.110	27037060904	25
Dakota	0.052	27037060905	10
Dakota	0.064	27037060906	13
Dakota	0.038	27037060907	7
Dakota	0.074	27037061001	16
Dakota	0.137	27037061003	32
Dakota	0.062	27037061004	13
Dakota	0.071	27037061005	15
Dakota	0.063	27037061007	13
Dakota	0.112	27037061008	25
Dakota	0.037	27037061009	6
Dakota	0.133	27037061102	31
Dakota	0.109	27037061105	25
Dakota	0.111	27037061106	25
Dakota	0.136	27037061107	31
Dakota	0.082	27037061108	18
Dakota	0.074	27037061401	16
Dakota	0.075	27037061402	16
Dakota	0.070	27037061501	15
Dakota	0.051	27037061502	10
Dodge	0.060	27039950100	12
Dodge	0.067	27039950200	14
Dodge	0.112	27039950300	25
Dodge	0.067	27039950400	14
Dodge	0.087	27039950500	19
Douglas	0.113	27041450100	26
Douglas	0.121	27041450200	28
Douglas	0.104	27041450500	23
Douglas	0.135	27041450600	31
Douglas	0.173	27041450701	41
Douglas	0.085	27041450702	19
Douglas	0.132	27041450800	30
Douglas	0.092	27041450900	20
Douglas	0.077	27041451000	17
Faribault	0.111	27043460100	25
Faribault	0.140	27043460200	33
Faribault	0.119	27043460300	27
Faribault	0.128	27043460400	29
Faribault	0.113	27043460500	26
Faribault	0.125	27043460600	29
Fillmore	0.089	27045960100	19
Fillmore	0.090	27045960200	20
Fillmore	0.129	27045960300	30
Fillmore	0.101	27045960400	22
Fillmore	0.146	27045960500	34
Fillmore	0.137	27045960600	32
Freeborn	0.142	27047180100	33
Freeborn	0.115	27047180200	26
Freeborn	0.115	27047180300	26
Freeborn	0.105	27047180400	24
Freeborn	0.141	27047180500	33
Freeborn	0.154	27047180600	36
Freeborn	0.123	27047180700	28
Freeborn	0.131	27047180800	30
Freeborn	0.171	27047180900	40
Freeborn	0.102	27047181000	23
Goodhue	0.132	27049080101	30
Goodhue	0.104	27049080102	23
Goodhue	0.122	27049080200	28
Goodhue	0.074	27049080300	16
Goodhue	0.081	27049080400	18
Goodhue	0.072	27049080500	15
Goodhue	0.115	27049080600	26
Goodhue	0.111	27049080700	25
Goodhue	0.085	27049080800	19
Goodhue	0.093	27049080900	21
Grant	0.136	27051070100	31
Grant	0.153	27051070200	36
Hennepin	0.116	27053000101	26
Hennepin	0.110	27053000102	25
Hennepin	0.107	27053000300	24
Hennepin	0.090	27053000601	20
Hennepin	0.052	27053000603	10
Hennepin	0.126	27053001100	29
Hennepin	0.079	27053001700	17
Hennepin	0.117	27053002200	27
Hennepin	0.076	27053002400	16
Hennepin	0.153	27053002700	36
Hennepin	0.137	27053003200	32
Hennepin	0.121	27053003300	28
Hennepin	0.062	27053003800	13
Hennepin	0.263	27053005901	64
Hennepin	0.155	27053005902	36
Hennepin	0.089	27053006800	19
Hennepin	0.070	27053007700	15
Hennepin	0.098	27053007801	22
Hennepin	0.079	27053008100	17
Hennepin	0.168	27053008200	39
Hennepin	0.087	27053008300	19
Hennepin	0.084	27053008400	18
Hennepin	0.078	27053008500	17
Hennepin	0.127	27053009500	29
Hennepin	0.119	27053009600	27
Hennepin	0.079	27053010600	17
Hennepin	0.020	27053010700	2
Hennepin	0.051	27053011000	10
Hennepin	0.040	27053011703	7
Hennepin	0.077	27053011704	16
Hennepin	0.078	27053011800	17
Hennepin	0.135	27053011998	31
Hennepin	0.055	27053012001	11
Hennepin	0.056	27053012003	11
Hennepin	0.072	27053012101	15
Hennepin	0.106	27053012102	24
Hennepin	0.108	27053020101	24
Hennepin	0.189	27053020102	45
Hennepin	0.138	27053020200	32
Hennepin	0.121	27053020301	28
Hennepin	0.109	27053020302	24
Hennepin	0.125	27053020303	29
Hennepin	0.061	27053020304	12
Hennepin	0.129	27053020400	30
Hennepin	0.122	27053020500	28
Hennepin	0.184	27053020600	44
Hennepin	0.101	27053020700	23
Hennepin	0.178	27053020801	42
Hennepin	0.158	27053020804	37
Hennepin	0.106	27053020902	24
Hennepin	0.126	27053020903	29
Hennepin	0.097	27053021001	21
Hennepin	0.176	27053021002	41
Hennepin	0.197	27053021100	47
Hennepin	0.088	27053021200	19
Hennepin	0.197	27053021300	47
Hennepin	0.116	27053021400	26
Hennepin	0.158	27053021501	37
Hennepin	0.191	27053021502	45
Hennepin	0.130	27053021503	30
Hennepin	0.108	27053021504	24
Hennepin	0.100	27053021505	22
Hennepin	0.081	27053021601	18
Hennepin	0.169	27053021602	40
Hennepin	0.066	27053021700	14
Hennepin	0.090	27053021800	20
Hennepin	0.116	27053021900	26
Hennepin	0.072	27053022000	15
Hennepin	0.070	27053022101	15
Hennepin	0.144	27053022102	33
Hennepin	0.063	27053022200	13
Hennepin	0.155	27053022301	36
Hennepin	0.150	27053022302	35
Hennepin	0.101	27053022400	23
Hennepin	0.073	27053022700	16
Hennepin	0.060	27053022801	12
Hennepin	0.091	27053022802	20
Hennepin	0.090	27053022901	20
Hennepin	0.063	27053022902	13
Hennepin	0.058	27053023000	12
Hennepin	0.034	27053023100	6
Hennepin	0.100	27053023200	22
Hennepin	0.116	27053023300	26
Hennepin	0.128	27053023400	29
Hennepin	0.112	27053023501	25
Hennepin	0.056	27053023502	11
Hennepin	0.057	27053023600	11
Hennepin	0.061	27053023700	12
Hennepin	0.042	27053023801	8
Hennepin	0.053	27053023802	10
Hennepin	0.083	27053023901	18
Hennepin	0.059	27053023902	12
Hennepin	0.106	27053023903	24
Hennepin	0.077	27053024003	17
Hennepin	0.281	27053024004	68
Hennepin	0.162	27053024005	38
Hennepin	0.090	27053024006	20
Hennepin	0.103	27053024100	23
Hennepin	0.048	27053024200	9
Hennepin	0.093	27053024300	20
Hennepin	0.183	27053024400	43
Hennepin	0.134	27053024500	31
Hennepin	0.136	27053024600	31
Hennepin	0.080	27053024700	17
Hennepin	0.106	27053024801	24
Hennepin	0.099	27053024802	22
Hennepin	0.077	27053024901	16
Hennepin	0.079	27053024902	17
Hennepin	0.107	27053024903	24
Hennepin	0.068	27053025100	14
Hennepin	0.168	27053025201	39
Hennepin	0.118	27053025205	27
Hennepin	0.168	27053025301	39
Hennepin	0.144	27053025302	33
Hennepin	0.140	27053025401	33
Hennepin	0.119	27053025403	27
Hennepin	0.153	27053025601	36
Hennepin	0.115	27053025603	26
Hennepin	0.117	27053025605	27
Hennepin	0.094	27053025701	21
Hennepin	0.162	27053025702	38
Hennepin	0.087	27053025801	19
Hennepin	0.076	27053025802	16
Hennepin	0.139	27053025803	32
Hennepin	0.133	27053025805	31
Hennepin	0.084	27053025903	18
Hennepin	0.115	27053025905	26
Hennepin	0.087	27053025906	19
Hennepin	0.082	27053025907	18
Hennepin	0.055	27053026005	11
Hennepin	0.049	27053026006	9
Hennepin	0.073	27053026007	15
Hennepin	0.078	27053026013	17
Hennepin	0.041	27053026014	7
Hennepin	0.078	27053026015	17
Hennepin	0.052	27053026016	10
Hennepin	0.061	27053026018	12
Hennepin	0.044	27053026019	8
Hennepin	0.107	27053026020	24
Hennepin	0.045	27053026021	8
Hennepin	0.026	27053026022	4
Hennepin	0.085	27053026101	18
Hennepin	0.073	27053026103	16
Hennepin	0.086	27053026104	19
Hennepin	0.093	27053026201	20
Hennepin	0.122	27053026202	28
Hennepin	0.065	27053026205	13
Hennepin	0.124	27053026206	28
Hennepin	0.096	27053026207	21
Hennepin	0.073	27053026208	16
Hennepin	0.063	27053026301	13
Hennepin	0.053	27053026302	10
Hennepin	0.094	27053026402	21
Hennepin	0.146	27053026403	34
Hennepin	0.075	27053026404	16
Hennepin	0.071	27053026505	15
Hennepin	0.110	27053026507	25
Hennepin	0.077	27053026508	17
Hennepin	0.057	27053026509	11
Hennepin	0.066	27053026510	14
Hennepin	0.039	27053026511	7
Hennepin	0.105	27053026512	24
Hennepin	0.098	27053026514	22
Hennepin	0.088	27053026605	19
Hennepin	0.099	27053026606	22
Hennepin	0.065	27053026609	13
Hennepin	0.086	27053026610	19
Hennepin	0.106	27053026611	24
Hennepin	0.028	27053026612	4
Hennepin	0.061	27053026613	12
Hennepin	0.150	27053026702	35
Hennepin	0.070	27053026706	15
Hennepin	0.049	27053026707	9
Hennepin	0.054	27053026708	11
Hennepin	0.041	27053026710	7
Hennepin	0.035	27053026711	6
Hennepin	0.083	27053026712	18
Hennepin	0.076	27053026713	16
Hennepin	0.062	27053026714	13
Hennepin	0.032	27053026715	5
Hennepin	0.040	27053026716	7
Hennepin	0.156	27053026807	37
Hennepin	0.081	27053026809	17
Hennepin	0.131	27053026810	30
Hennepin	0.066	27053026811	14
Hennepin	0.085	27053026812	19
Hennepin	0.099	27053026814	22
Hennepin	0.089	27053026815	20
Hennepin	0.046	27053026816	9
Hennepin	0.152	27053026818	36
Hennepin	0.116	27053026819	26
Hennepin	0.062	27053026820	13
Hennepin	0.096	27053026822	21
Hennepin	0.051	27053026823	10
Hennepin	0.120	27053026903	27
Hennepin	0.065	27053026906	14
Hennepin	0.037	27053026907	6
Hennepin	0.048	27053026908	9
Hennepin	0.060	27053026909	12
Hennepin	0.061	27053026910	12
Hennepin	0.089	27053027001	20
Hennepin	0.059	27053027002	12
Hennepin	0.044	27053027101	8
Hennepin	0.056	27053027102	11
Hennepin	0.066	27053027201	14
Hennepin	0.111	27053027202	25
Hennepin	0.093	27053027203	20
Hennepin	0.134	27053027300	31
Hennepin	0.046	27053027400	9
Hennepin	0.081	27053027501	18
Hennepin	0.063	27053027503	13
Hennepin	0.032	27053027504	5
Hennepin	0.098	27053027601	22
Hennepin	0.101	27053027602	23
Hennepin	0.074	27053027700	16
Hennepin	0.192	27053100200	46
Hennepin	0.138	27053100400	32
Hennepin	0.180	27053100500	42
Hennepin	0.088	27053100700	19
Hennepin	0.117	27053100800	27
Hennepin	0.149	27053100900	35
Hennepin	0.086	27053101200	19
Hennepin	0.176	27053101300	42
Hennepin	0.272	27053101600	66
Hennepin	0.108	27053101800	24
Hennepin	0.149	27053101900	35
Hennepin	0.126	27053102000	29
Hennepin	0.103	27053102100	23
Hennepin	0.251	27053102300	60
Hennepin	0.110	27053102500	25
Hennepin	0.077	27053102600	17
Hennepin	0.183	27053102800	43
Hennepin	0.212	27053102900	51
Hennepin	0.126	27053103000	29
Hennepin	0.144	27053103100	33
Hennepin	0.161	27053103400	38
Hennepin	0.061	27053103600	13
Hennepin	0.088	27053103700	19
Hennepin	0.026	27053103900	4
Hennepin	0.039	27053104000	7
Hennepin	0.170	27053104100	40
Hennepin	0.188	27053104400	45
Hennepin	0.119	27053104800	27
Hennepin	0.046	27053104900	9
Hennepin	0.075	27053105100	16
Hennepin	0.158	27053105201	37
Hennepin	0.236	27053105204	57
Hennepin	0.107	27053105400	24
Hennepin	0.076	27053105500	16
Hennepin	0.113	27053105600	25
Hennepin	0.192	27053105700	46
Hennepin	0.173	27053106000	41
Hennepin	0.133	27053106200	31
Hennepin	0.180	27053106400	43
Hennepin	0.040	27053106500	7
Hennepin	0.072	27053106600	15
Hennepin	0.054	27053106700	11
Hennepin	0.104	27053106900	23
Hennepin	0.061	27053107000	12
Hennepin	0.120	27053107400	27
Hennepin	0.072	27053107500	15
Hennepin	0.058	27053107600	12
Hennepin	0.069	27053108000	14
Hennepin	0.087	27053108600	19
Hennepin	0.119	27053108700	27
Hennepin	0.152	27053108800	35
Hennepin	0.119	27053108900	27
Hennepin	0.083	27053109000	18
Hennepin	0.080	27053109100	17
Hennepin	0.074	27053109200	16
Hennepin	0.084	27053109300	18
Hennepin	0.105	27053109400	24
Hennepin	0.087	27053109700	19
Hennepin	0.052	27053109800	10
Hennepin	0.099	27053109900	22
Hennepin	0.106	27053110000	24
Hennepin	0.061	27053110100	13
Hennepin	0.088	27053110200	19
Hennepin	0.115	27053110400	26
Hennepin	0.088	27053110500	19
Hennepin	0.101	27053110800	23
Hennepin	0.145	27053110900	34
Hennepin	0.108	27053111100	24
Hennepin	0.056	27053111200	11
Hennepin	0.071	27053111300	15
Hennepin	0.042	27053111400	8
Hennepin	0.049	27053111500	9
Hennepin	0.062	27053111600	13
Hennepin	0.101	27053122500	23
Hennepin	0.051	27053122600	10
Hennepin	0.133	27053125500	31
Hennepin	0.061	27053125600	12
Hennepin	0.114	27053125700	26
Hennepin	0.096	27053125800	21
Hennepin	0.080	27053125900	17
Hennepin	0.231	27053126000	56
Hennepin	0.076	27053126100	16
Hennepin	0.062	27053126200	13
Hennepin	0.166	27053980000	39
Houston	0.072	27055020100	15
Houston	0.098	27055020200	22
Houston	0.113	27055020300	25
Houston	0.167	27055020500	39
Houston	0.133	27055020900	31
Hubbard	0.092	27057070100	20
Hubbard	0.147	27057070200	34
Hubbard	0.129	27057070300	30
Hubbard	0.139	27057070400	32
Hubbard	0.131	27057070500	30
Hubbard	0.209	27057070600	50
Hubbard	0.136	27057070700	31
Isanti	0.098	27059130100	22
Isanti	0.125	27059130200	29
Isanti	0.118	27059130301	27
Isanti	0.186	27059130302	44
Isanti	0.113	27059130400	26
Isanti	0.103	27059130501	23
Isanti	0.085	27059130502	18
Isanti	0.140	27059130600	32
Itasca	0.176	27061480100	42
Itasca	0.151	27061480300	35
Itasca	0.154	27061480400	36
Itasca	0.152	27061480500	35
Itasca	0.166	27061480600	39
Itasca	0.106	27061480700	24
Itasca	0.139	27061480801	32
Itasca	0.205	27061480802	49
Itasca	0.142	27061480900	33
Itasca	0.177	27061481000	42
Itasca	0.125	27061940000	29
Jackson	0.087	27063480100	19
Jackson	0.119	27063480200	27
Jackson	0.097	27063480300	22
Jackson	0.120	27063480400	27
Kanabec	0.127	27065480100	29
Kanabec	0.150	27065480200	35
Kanabec	0.164	27065480300	39
Kanabec	0.120	27065480400	27
Kandiyohi	0.125	27067770900	29
Kandiyohi	0.125	27067780100	29
Kandiyohi	0.091	27067780200	20
Kandiyohi	0.104	27067780300	23
Kandiyohi	0.106	27067780400	24
Kandiyohi	0.139	27067780500	32
Kandiyohi	0.079	27067780600	17
Kandiyohi	0.136	27067780700	32
Kandiyohi	0.129	27067780800	30
Kandiyohi	0.160	27067781000	38
Kandiyohi	0.102	27067781100	23
Kandiyohi	0.100	27067781200	22
Kittson	0.181	27069090100	43
Kittson	0.136	27069090200	31
Koochiching	0.180	27071790100	43
Koochiching	0.183	27071790200	43
Koochiching	0.148	27071790300	34
Koochiching	0.165	27071790500	39
Lac qui Parle	0.138	27073180100	32
Lac qui Parle	0.165	27073180200	39
Lac qui Parle	0.125	27073180300	29
Lake	0.117	27075370100	27
Lake	0.163	27075370300	38
Lake	0.146	27075370400	34
Lake of the Woods	0.199	27077460300	47
Lake of the Woods	0.143	27077460400	33
Le Sueur	0.077	27079950100	16
Le Sueur	0.113	27079950200	26
Le Sueur	0.096	27079950300	21
Le Sueur	0.132	27079950400	30
Le Sueur	0.092	27079950500	20
Le Sueur	0.087	27079950600	19
Lincoln	0.121	27081201001	28
Lincoln	0.149	27081201002	35
Lyon	0.117	27083360100	27
Lyon	0.070	27083360200	15
Lyon	0.098	27083360300	22
Lyon	0.139	27083360400	32
Lyon	0.100	27083360500	22
Lyon	0.094	27083360600	21
Lyon	0.188	27083360700	45
McLeod	0.106	27085950100	24
McLeod	0.093	27085950200	21
McLeod	0.138	27085950300	32
McLeod	0.102	27085950400	23
McLeod	0.118	27085950500	27
McLeod	0.096	27085950600	21
McLeod	0.094	27085950700	21
Mahnomen	0.148	27087940100	34
Mahnomen	0.129	27087940300	30
Marshall	0.130	27089080100	30
Marshall	0.107	27089080200	24
Marshall	0.147	27089080300	34
Marshall	0.118	27089080400	27
Martin	0.134	27091790100	31
Martin	0.100	27091790200	22
Martin	0.116	27091790300	26
Martin	0.113	27091790400	26
Martin	0.177	27091790500	42
Martin	0.134	27091790600	31
Meeker	0.110	27093560100	25
Meeker	0.092	27093560200	20
Meeker	0.124	27093560300	28
Meeker	0.138	27093560400	32
Meeker	0.098	27093560500	22
Meeker	0.115	27093560600	26
Mille Lacs	0.088	27095170400	19
Mille Lacs	0.147	27095170500	34
Mille Lacs	0.128	27095170600	29
Mille Lacs	0.182	27095170700	43
Mille Lacs	0.170	27095970100	40
Mille Lacs	0.166	27095970200	39
Mille Lacs	0.148	27095970300	34
Morrison	0.112	27097780100	25
Morrison	0.117	27097780200	27
Morrison	0.103	27097780300	23
Morrison	0.122	27097780400	28
Morrison	0.123	27097780500	28
Morrison	0.188	27097780600	45
Morrison	0.176	27097780700	42
Morrison	0.094	27097780800	21
Mower	0.131	27099000100	30
Mower	0.140	27099000200	33
Mower	0.094	27099000300	21
Mower	0.213	27099000410	51
Mower	0.125	27099000600	29
Mower	0.105	27099000800	24
Mower	0.128	27099000900	29
Mower	0.121	27099001000	28
Mower	0.098	27099001200	22
Mower	0.110	27099001300	25
Mower	0.086	27099001400	19
Murray	0.103	27101900100	23
Murray	0.133	27101900200	31
Murray	0.157	27101900300	37
Nicollet	0.082	27103480100	18
Nicollet	0.098	27103480200	22
Nicollet	0.096	27103480300	21
Nicollet	0.088	27103480400	19
Nicollet	0.120	27103480501	27
Nicollet	0.080	27103480502	17
Nicollet	0.075	27103480600	16
Nobles	0.088	27105105100	19
Nobles	0.089	27105105200	20
Nobles	0.114	27105105300	26
Nobles	0.129	27105105400	30
Nobles	0.106	27105105500	24
Nobles	0.109	27105105600	25
Norman	0.104	27107960100	23
Norman	0.135	27107960200	31
Norman	0.114	27107960300	26
Olmsted	0.407	27109000100	100
Olmsted	0.125	27109000200	29
Olmsted	0.085	27109000300	19
Olmsted	0.113	27109000400	26
Olmsted	0.102	27109000500	23
Olmsted	0.125	27109000600	29
Olmsted	0.075	27109000901	16
Olmsted	0.119	27109000902	27
Olmsted	0.094	27109000903	21
Olmsted	0.076	27109001000	16
Olmsted	0.098	27109001100	22
Olmsted	0.058	27109001201	12
Olmsted	0.050	27109001202	10
Olmsted	0.063	27109001203	13
Olmsted	0.091	27109001301	20
Olmsted	0.107	27109001302	24
Olmsted	0.084	27109001401	18
Olmsted	0.040	27109001402	7
Olmsted	0.058	27109001501	12
Olmsted	0.100	27109001502	22
Olmsted	0.075	27109001503	16
Olmsted	0.110	27109001601	25
Olmsted	0.062	27109001602	13
Olmsted	0.073	27109001603	16
Olmsted	0.099	27109001701	22
Olmsted	0.085	27109001702	18
Olmsted	0.080	27109001703	17
Olmsted	0.056	27109001800	11
Olmsted	0.067	27109001900	14
Olmsted	0.073	27109002000	16
Olmsted	0.064	27109002100	13
Olmsted	0.069	27109002200	14
Olmsted	0.057	27109002300	12
Otter Tail	0.116	27111960102	26
Otter Tail	0.101	27111960103	23
Otter Tail	0.131	27111960300	30
Otter Tail	0.156	27111960400	36
Otter Tail	0.144	27111960500	33
Otter Tail	0.134	27111960600	31
Otter Tail	0.110	27111960700	25
Otter Tail	0.090	27111960800	20
Otter Tail	0.163	27111960900	38
Otter Tail	0.167	27111961000	39
Otter Tail	0.132	27111961100	30
Otter Tail	0.145	27111961200	34
Otter Tail	0.154	27111961300	36
Otter Tail	0.138	27111961400	32
Otter Tail	0.134	27111961500	31
Otter Tail	0.140	27111961600	32
Otter Tail	0.099	27111961700	22
Pennington	0.107	27113090100	24
Pennington	0.132	27113090200	30
Pennington	0.123	27113090300	28
Pennington	0.127	27113090400	29
Pennington	0.123	27113090500	28
Pine	0.151	27115950100	35
Pine	0.127	27115950200	29
Pine	0.147	27115950300	34
Pine	0.197	27115950400	47
Pine	0.158	27115950500	37
Pine	0.123	27115950600	28
Pine	0.204	27115950700	49
Pine	0.136	27115950800	31
Pipestone	0.104	27117460100	23
Pipestone	0.173	27117460200	41
Pipestone	0.139	27117460300	32
Pipestone	0.118	27117460400	27
Pipestone	0.102	27117460500	23
Polk	0.097	27119020100	22
Polk	0.219	27119020200	53
Polk	0.090	27119020300	20
Polk	0.101	27119020400	23
Polk	0.098	27119020500	22
Polk	0.161	27119020600	38
Polk	0.134	27119020700	31
Polk	0.114	27119020800	26
Polk	0.127	27119020900	29
Polk	0.148	27119021000	35
Pope	0.103	27121970100	23
Pope	0.174	27121970200	41
Pope	0.093	27121970300	21
Pope	0.139	27121970400	32
Ramsey	0.047	27123030100	9
Ramsey	0.067	27123030201	14
Ramsey	0.031	27123030202	5
Ramsey	0.074	27123030300	16
Ramsey	0.111	27123030400	25
Ramsey	0.144	27123030500	33
Ramsey	0.081	27123030601	18
Ramsey	0.111	27123030602	25
Ramsey	0.069	27123030702	14
Ramsey	0.129	27123030703	30
Ramsey	0.122	27123030704	28
Ramsey	0.110	27123030800	25
Ramsey	0.104	27123030900	23
Ramsey	0.103	27123031000	23
Ramsey	0.111	27123031100	25
Ramsey	0.110	27123031200	25
Ramsey	0.193	27123031300	46
Ramsey	0.150	27123031400	35
Ramsey	0.128	27123031500	29
Ramsey	0.145	27123031600	34
Ramsey	0.134	27123031701	31
Ramsey	0.121	27123031702	28
Ramsey	0.099	27123031801	22
Ramsey	0.106	27123031802	24
Ramsey	0.119	27123031900	27
Ramsey	0.089	27123032000	20
Ramsey	0.088	27123032100	19
Ramsey	0.149	27123032200	35
Ramsey	0.119	27123032300	27
Ramsey	0.145	27123032400	34
Ramsey	0.126	27123032500	29
Ramsey	0.137	27123032600	32
Ramsey	0.119	27123032700	27
Ramsey	0.258	27123033000	62
Ramsey	0.220	27123033100	53
Ramsey	0.135	27123033200	31
Ramsey	0.103	27123033300	23
Ramsey	0.154	27123033400	36
Ramsey	0.119	27123033500	27
Ramsey	0.162	27123033600	38
Ramsey	0.306	27123033700	74
Ramsey	0.154	27123033800	36
Ramsey	0.123	27123033900	28
Ramsey	0.159	27123034000	37
Ramsey	0.095	27123034201	21
Ramsey	0.236	27123034202	57
Ramsey	0.159	27123034400	37
Ramsey	0.118	27123034500	27
Ramsey	0.234	27123034601	56
Ramsey	0.079	27123034602	17
Ramsey	0.089	27123034701	20
Ramsey	0.138	27123034702	32
Ramsey	0.033	27123034900	5
Ramsey	0.047	27123035000	9
Ramsey	0.063	27123035100	13
Ramsey	0.070	27123035200	15
Ramsey	0.082	27123035300	18
Ramsey	0.135	27123035500	31
Ramsey	0.032	27123035700	5
Ramsey	0.092	27123035800	20
Ramsey	0.214	27123035900	51
Ramsey	0.127	27123036000	29
Ramsey	0.198	27123036100	47
Ramsey	0.052	27123036300	10
Ramsey	0.051	27123036400	10
Ramsey	0.098	27123036500	22
Ramsey	0.109	27123036600	25
Ramsey	0.148	27123036700	34
Ramsey	0.114	27123036800	26
Ramsey	0.230	27123036900	55
Ramsey	0.073	27123037000	16
Ramsey	0.118	27123037100	27
Ramsey	0.149	27123037200	35
Ramsey	0.123	27123037402	28
Ramsey	0.085	27123037403	19
Ramsey	0.060	27123037500	12
Ramsey	0.132	27123037601	30
Ramsey	0.122	27123037602	28
Ramsey	0.062	27123040100	13
Ramsey	0.137	27123040200	32
Ramsey	0.066	27123040301	14
Ramsey	0.082	27123040302	18
Ramsey	0.090	27123040401	20
Ramsey	0.085	27123040402	18
Ramsey	0.156	27123040502	37
Ramsey	0.106	27123040503	24
Ramsey	0.070	27123040504	15
Ramsey	0.135	27123040601	31
Ramsey	0.086	27123040603	19
Ramsey	0.081	27123040604	18
Ramsey	0.092	27123040703	20
Ramsey	0.133	27123040704	31
Ramsey	0.067	27123040705	14
Ramsey	0.062	27123040706	13
Ramsey	0.069	27123040707	14
Ramsey	0.086	27123040801	19
Ramsey	0.012	27123040802	0
Ramsey	0.084	27123040803	18
Ramsey	0.110	27123040901	25
Ramsey	0.112	27123040902	25
Ramsey	0.085	27123041001	18
Ramsey	0.065	27123041002	14
Ramsey	0.126	27123041103	29
Ramsey	0.117	27123041104	27
Ramsey	0.108	27123041105	24
Ramsey	0.074	27123041106	16
Ramsey	0.096	27123041107	21
Ramsey	0.095	27123041200	21
Ramsey	0.086	27123041301	19
Ramsey	0.124	27123041302	28
Ramsey	0.144	27123041400	33
Ramsey	0.113	27123041500	26
Ramsey	0.100	27123041601	22
Ramsey	0.150	27123041602	35
Ramsey	0.140	27123041700	32
Ramsey	0.118	27123041800	27
Ramsey	0.067	27123041900	14
Ramsey	0.040	27123042001	7
Ramsey	0.065	27123042002	14
Ramsey	0.159	27123042101	37
Ramsey	0.119	27123042102	27
Ramsey	0.121	27123042201	28
Ramsey	0.089	27123042202	20
Ramsey	0.108	27123042301	24
Ramsey	0.130	27123042302	30
Ramsey	0.140	27123042401	32
Ramsey	0.126	27123042402	29
Ramsey	0.129	27123042501	30
Ramsey	0.044	27123042503	8
Ramsey	0.051	27123042504	10
Ramsey	0.102	27123042601	23
Ramsey	0.198	27123042602	47
Ramsey	0.100	27123042700	22
Ramsey	0.199	27123042800	47
Ramsey	0.081	27123042900	18
Ramsey	0.076	27123043000	16
Red Lake	0.141	27125010100	33
Red Lake	0.119	27125010200	27
Redwood	0.102	27127750100	23
Redwood	0.164	27127750200	38
Redwood	0.133	27127750300	31
Redwood	0.121	27127750400	28
Redwood	0.137	27127750500	32
Redwood	0.142	27127750600	33
Renville	0.122	27129790100	28
Renville	0.118	27129790200	27
Renville	0.107	27129790300	24
Renville	0.124	27129790400	28
Renville	0.124	27129790500	28
Renville	0.149	27129790600	35
Rice	0.063	27131070100	13
Rice	0.064	27131070200	13
Rice	0.087	27131070300	19
Rice	0.070	27131070400	15
Rice	0.041	27131070501	7
Rice	0.056	27131070503	11
Rice	0.080	27131070504	17
Rice	0.104	27131070601	23
Rice	0.050	27131070602	10
Rice	0.090	27131070700	20
Rice	0.133	27131070800	31
Rice	0.128	27131070901	30
Rice	0.129	27131070902	30
Rock	0.085	27133570100	18
Rock	0.116	27133570200	26
Rock	0.112	27133570300	25
Roseau	0.088	27135970100	19
Roseau	0.105	27135970200	24
Roseau	0.130	27135970300	30
Roseau	0.118	27135970400	27
Roseau	0.137	27135970500	32
St. Louis	0.082	27137000100	18
St. Louis	0.071	27137000200	15
St. Louis	0.142	27137000300	33
St. Louis	0.094	27137000400	21
St. Louis	0.074	27137000500	16
St. Louis	0.111	27137000600	25
St. Louis	0.086	27137000700	19
St. Louis	0.068	27137000900	14
St. Louis	0.045	27137001000	8
St. Louis	0.077	27137001100	17
St. Louis	0.118	27137001200	27
St. Louis	0.126	27137001300	29
St. Louis	0.118	27137001400	27
St. Louis	0.115	27137001600	26
St. Louis	0.222	27137001700	53
St. Louis	0.185	27137001800	44
St. Louis	0.371	27137001900	91
St. Louis	0.121	27137002000	28
St. Louis	0.129	27137002200	30
St. Louis	0.102	27137002300	23
St. Louis	0.109	27137002400	25
St. Louis	0.180	27137002600	42
St. Louis	0.122	27137002900	28
St. Louis	0.144	27137003000	34
St. Louis	0.119	27137003300	27
St. Louis	0.162	27137003400	38
St. Louis	0.109	27137003600	25
St. Louis	0.227	27137003700	55
St. Louis	0.154	27137003800	36
St. Louis	0.149	27137010100	35
St. Louis	0.120	27137010200	27
St. Louis	0.119	27137010300	27
St. Louis	0.083	27137010400	18
St. Louis	0.077	27137010500	17
St. Louis	0.091	27137010600	20
St. Louis	0.076	27137011100	16
St. Louis	0.147	27137011200	34
St. Louis	0.157	27137011300	37
St. Louis	0.130	27137011400	30
St. Louis	0.150	27137012100	35
St. Louis	0.266	27137012200	64
St. Louis	0.140	27137012300	33
St. Louis	0.210	27137012400	50
St. Louis	0.225	27137012500	54
St. Louis	0.199	27137012600	47
St. Louis	0.171	27137012700	40
St. Louis	0.093	27137012800	21
St. Louis	0.222	27137013000	53
St. Louis	0.183	27137013100	43
St. Louis	0.212	27137013200	51
St. Louis	0.139	27137013300	32
St. Louis	0.127	27137013400	29
St. Louis	0.139	27137013500	32
St. Louis	0.187	27137013600	44
St. Louis	0.141	27137013800	33
St. Louis	0.125	27137013900	29
St. Louis	0.172	27137014000	40
St. Louis	0.201	27137014100	48
St. Louis	0.144	27137015100	33
St. Louis	0.113	27137015200	25
St. Louis	0.159	27137015300	37
St. Louis	0.150	27137015400	35
St. Louis	0.156	27137015500	36
St. Louis	0.193	27137015600	46
St. Louis	0.060	27137015700	12
St. Louis	0.188	27137015800	45
Scott	0.164	27139080100	39
Scott	0.060	27139080201	12
Scott	0.046	27139080202	9
Scott	0.051	27139080203	10
Scott	0.020	27139080204	2
Scott	0.056	27139080205	11
Scott	0.049	27139080301	10
Scott	0.041	27139080302	7
Scott	0.109	27139080400	25
Scott	0.188	27139080500	44
Scott	0.098	27139080600	22
Scott	0.055	27139080700	11
Scott	0.089	27139080800	20
Scott	0.066	27139080903	14
Scott	0.065	27139080904	13
Scott	0.055	27139080905	11
Scott	0.081	27139080906	18
Scott	0.051	27139081000	10
Scott	0.039	27139081100	7
Scott	0.098	27139081200	22
Scott	0.073	27139081300	16
Sherburne	0.060	27141030101	12
Sherburne	0.090	27141030102	20
Sherburne	0.069	27141030200	14
Sherburne	0.081	27141030300	17
Sherburne	0.110	27141030402	25
Sherburne	0.080	27141030403	17
Sherburne	0.058	27141030404	12
Sherburne	0.089	27141030502	20
Sherburne	0.093	27141030503	21
Sherburne	0.088	27141030504	19
Sherburne	0.127	27141031500	29
Sibley	0.105	27143170198	24
Sibley	0.113	27143170200	26
Sibley	0.147	27143170300	34
Sibley	0.104	27143170400	23
Stearns	0.112	27145000301	25
Stearns	0.080	27145000302	17
Stearns	0.148	27145000401	34
Stearns	0.057	27145000402	12
Stearns	0.138	27145000500	32
Stearns	0.106	27145000601	24
Stearns	0.134	27145000602	31
Stearns	0.109	27145000701	25
Stearns	0.103	27145000801	23
Stearns	0.155	27145000901	36
Stearns	0.184	27145001001	44
Stearns	0.061	27145010101	12
Stearns	0.094	27145010102	21
Stearns	0.090	27145010200	20
Stearns	0.072	27145010401	15
Stearns	0.086	27145010402	19
Stearns	0.083	27145010403	18
Stearns	0.086	27145010500	19
Stearns	0.079	27145010600	17
Stearns	0.102	27145010900	23
Stearns	0.134	27145011000	31
Stearns	0.098	27145011100	22
Stearns	0.095	27145011200	21
Stearns	0.065	27145011301	14
Stearns	0.100	27145011302	22
Stearns	0.069	27145011304	15
Stearns	0.080	27145011400	17
Stearns	0.143	27145011500	33
Stearns	0.117	27145011600	27
Steele	0.079	27147960100	17
Steele	0.101	27147960200	23
Steele	0.084	27147960300	18
Steele	0.088	27147960400	19
Steele	0.076	27147960500	16
Steele	0.164	27147960600	38
Steele	0.100	27147960700	22
Steele	0.103	27147960800	23
Stevens	0.120	27149480100	27
Stevens	0.101	27149480200	22
Stevens	0.111	27149480300	25
Swift	0.095	27151960100	21
Swift	0.172	27151960200	40
Swift	0.133	27151960300	31
Swift	0.162	27151960400	38
Todd	0.162	27153790100	38
Todd	0.152	27153790200	35
Todd	0.119	27153790300	27
Todd	0.128	27153790400	29
Todd	0.097	27153790500	22
Todd	0.117	27153790600	27
Todd	0.127	27153790700	29
Todd	0.120	27153790800	27
Traverse	0.148	27155460100	34
Traverse	0.163	27155460200	38
Wabasha	0.179	27157490100	42
Wabasha	0.125	27157490200	29
Wabasha	0.112	27157490300	25
Wabasha	0.101	27157490400	23
Wabasha	0.087	27157490500	19
Wabasha	0.079	27157490600	17
Wadena	0.161	27159480100	38
Wadena	0.160	27159480200	38
Wadena	0.186	27159480300	44
Waseca	0.091	27161790100	20
Waseca	0.124	27161790200	28
Waseca	0.083	27161790300	18
Waseca	0.127	27161790400	29
Waseca	0.090	27161790500	20
Washington	0.156	27163070103	37
Washington	0.107	27163070104	24
Washington	0.094	27163070105	21
Washington	0.052	27163070106	10
Washington	0.060	27163070203	12
Washington	0.069	27163070204	14
Washington	0.078	27163070205	17
Washington	0.084	27163070206	18
Washington	0.061	27163070301	12
Washington	0.103	27163070303	23
Washington	0.116	27163070304	26
Washington	0.099	27163070403	22
Washington	0.050	27163070404	10
Washington	0.050	27163070405	10
Washington	0.067	27163070406	14
Washington	0.060	27163070501	12
Washington	0.117	27163070502	27
Washington	0.084	27163070601	18
Washington	0.112	27163070602	25
Washington	0.087	27163070701	19
Washington	0.136	27163070703	32
Washington	0.144	27163070704	34
Washington	0.076	27163070906	16
Washington	0.070	27163070907	15
Washington	0.071	27163070909	15
Washington	0.096	27163070910	21
Washington	0.093	27163070911	20
Washington	0.121	27163070912	28
Washington	0.058	27163071001	12
Washington	0.090	27163071003	20
Washington	0.103	27163071006	23
Washington	0.055	27163071010	11
Washington	0.055	27163071011	11
Washington	0.111	27163071012	25
Washington	0.104	27163071013	23
Washington	0.044	27163071014	8
Washington	0.049	27163071015	9
Washington	0.039	27163071016	7
Washington	0.045	27163071017	9
Washington	0.023	27163071018	3
Washington	0.085	27163071101	19
Washington	0.089	27163071102	20
Washington	0.080	27163071206	17
Washington	0.053	27163071207	10
Washington	0.085	27163071208	19
Washington	0.068	27163071209	14
Washington	0.055	27163071300	11
Washington	0.119	27163071400	27
Watonwan	0.116	27165950100	26
Watonwan	0.105	27165950200	24
Watonwan	0.123	27165950300	28
Wilkin	0.095	27167950100	21
Wilkin	0.149	27167950200	35
Winona	0.114	27169670100	26
Winona	0.103	27169670200	23
Winona	0.116	27169670300	26
Winona	0.106	27169670400	24
Winona	0.100	27169670500	22
Winona	0.116	27169670600	26
Winona	0.120	27169670700	27
Winona	0.081	27169670800	17
Winona	0.103	27169670900	23
Winona	0.074	27169671000	16
Wright	0.059	27171100100	12
Wright	0.075	27171100202	16
Wright	0.075	27171100203	16
Wright	0.083	27171100204	18
Wright	0.075	27171100300	16
Wright	0.094	27171100400	21
Wright	0.088	27171100500	19
Wright	0.118	27171100701	27
Wright	0.116	27171100702	26
Wright	0.067	27171100703	14
Wright	0.041	27171100801	7
Wright	0.043	27171100802	8
Wright	0.047	27171100900	9
Wright	0.068	27171101000	14
Wright	0.068	27171101100	14
Wright	0.094	27171101200	21
Wright	0.080	27171101300	17
Yellow Medicine	0.144	27173970100	34
Yellow Medicine	0.149	27173970200	35
Yellow Medicine	0.126	27173970300	29
Yellow Medicine	0.092	27173970400	20
