city	disability_percentage	id	score
Ada	0.116	00172	44
Adams	0.135	00190	57
Adrian	0.098	00262	31
Afton	0.092	00316	27
Aitkin	0.157	00460	71
Akeley	0.158	00496	72
Albany	0.102	00622	34
Alberta	0.165	00676	75
Albert Lea	0.145	00694	64
Albertville	0.045	00730	4
Alden	0.125	00838	50
Aldrich	0.140	00892	61
Alexandria	0.138	00928	59
Alpha	0.045	01162	4
Altura	0.077	01234	16
Alvarado	0.057	01252	7
Amboy	0.140	01324	62
Andover	0.071	01486	14
Annandale	0.089	01684	24
Anoka	0.166	01720	75
Appleton	0.195	01864	86
Apple Valley	0.071	01900	14
Arco	0.127	01972	51
Arden Hills	0.071	02026	14
Argyle	0.180	02134	82
Arlington	0.133	02152	56
Ashby	0.167	02422	76
Askov	0.272	02548	96
Atwater	0.130	02692	53
Audubon	0.102	02728	35
Aurora	0.141	02872	62
Austin	0.135	02908	57
Avoca	0.125	03052	49
Avon	0.070	03070	13
Babbitt	0.201	03106	88
Backus	0.164	03124	74
Badger	0.152	03160	68
Bagley	0.287	03196	98
Balaton	0.140	03250	61
Barnesville	0.098	03574	31
Barnum	0.118	03628	45
Barrett	0.186	03682	83
Barry	0.118	03718	45
Battle Lake	0.226	03970	93
Baudette	0.191	04024	85
Baxter	0.084	04042	20
Bayport	0.144	04114	64
Beardsley	0.225	04204	93
Beaver Bay	0.236	04456	94
Beaver Creek	0.078	04492	17
Becker	0.056	04618	6
Bejou	0.084	04672	20
Belgrade	0.098	04762	31
Bellechester	0.099	04798	32
Belle Plaine	0.073	04834	15
Bellingham	0.236	04960	94
Beltrami	0.059	05014	8
Belview	0.211	05050	90
Bemidji	0.134	05068	57
Bena	0.221	05104	93
Benson	0.175	05212	79
Bertha	0.204	05482	88
Bethel	0.101	05554	33
Bigelow	0.050	05644	5
Big Falls	0.295	05680	98
Bigfork	0.345	05698	99
Big Lake	0.087	05752	23
Bingham Lake	0.118	05896	45
Birchwood Village	0.132	06058	55
Bird Island	0.163	06076	74
Biscay	0.149	06112	66
Biwabik	0.207	06148	90
Blackduck	0.184	06256	83
Blaine	0.074	06382	15
Blomkest	0.219	06490	92
Blooming Prairie	0.108	06580	38
Bloomington	0.117	06616	45
Blue Earth	0.127	06688	51
Bluffton	0.085	06778	21
Bock	0.241	06814	95
Borup	0.094	07030	28
Bovey	0.248	07048	95
Bowlus	0.107	07066	37
Boyd	0.214	07138	91
Boy River	0.206	07174	89
Braham	0.152	07282	68
Brainerd	0.204	07300	88
Brandon	0.100	07336	33
Breckenridge	0.151	07462	68
Breezy Point	0.076	07516	16
Brewster	0.103	07660	35
Bricelyn	0.177	07678	80
Brooklyn Center	0.124	07948	49
Brooklyn Park	0.092	07966	27
Brook Park	0.136	07984	58
Brooks	0.221	08038	93
Brookston	0.303	08056	98
Brooten	0.179	08092	81
Browerville	0.163	08110	73
Brownsdale	0.142	08164	63
Browns Valley	0.229	08200	94
Brownsville	0.171	08218	78
Brownton	0.120	08254	47
Bruno	0.167	08290	76
Buckman	0.110	08416	40
Buffalo	0.110	08452	40
Buffalo Lake	0.144	08488	63
Buhl	0.174	08524	78
Burnsville	0.088	08794	24
Burtrum	0.099	08902	32
Butterfield	0.135	08992	57
Byron	0.055	09154	6
Caledonia	0.172	09226	78
Callaway	0.153	09280	69
Calumet	0.233	09316	94
Cambridge	0.146	09370	65
Campbell	0.164	09496	75
Canby	0.171	09604	78
Cannon Falls	0.119	09730	46
Canton	0.168	09802	76
Carlos	0.142	09964	62
Carlton	0.168	10018	77
Carver	0.021	10144	1
Cass Lake	0.192	10252	85
Cedar Mills	0.120	10468	46
Center City	0.129	10576	53
Centerville	0.050	10648	5
Ceylon	0.242	10792	95
Champlin	0.064	10846	11
Chandler	0.164	10900	74
Chanhassen	0.043	10918	3
Chaska	0.079	10972	17
Chatfield	0.093	11008	27
Chickamaw Beach	0.077	11296	16
Chisago City	0.139	11350	60
Chisholm	0.199	11386	87
Chokio	0.166	11440	75
Circle Pines	0.094	11494	28
Clara City	0.149	11548	67
Claremont	0.179	11566	81
Clarissa	0.128	11602	52
Clarkfield	0.175	11656	79
Clarks Grove	0.128	11674	52
Clearbrook	0.170	11746	77
Clear Lake	0.046	11764	4
Clearwater	0.087	11800	22
Clements	0.126	11836	50
Cleveland	0.083	11872	19
Climax	0.178	11962	80
Clinton	0.251	11980	96
Clitherall	0.359	12088	99
Clontarf	0.129	12124	53
Cloquet	0.134	12160	56
Coates	0.093	12376	27
Cobden	0.267	12394	96
Cohasset	0.120	12412	47
Cokato	0.100	12430	33
Cold Spring	0.127	12484	51
Coleraine	0.137	12502	58
Cologne	0.063	12664	10
Columbia Heights	0.118	12700	45
Columbus	0.075	12718	15
Comfrey	0.145	12772	64
Comstock	0.104	12862	35
Conger	0.081	12952	18
Cook	0.132	13006	55
Coon Rapids	0.097	13114	30
Corcoran	0.056	13168	7
Correll	0.167	13384	76
Cosmos	0.103	13420	35
Cottage Grove	0.080	13456	18
Cottonwood	0.137	13564	59
Courtland	0.056	13582	7
Cromwell	0.292	13780	98
Crookston	0.155	13870	70
Crosby	0.209	13924	90
Crosslake	0.153	13978	70
Crystal	0.126	14158	50
Currie	0.213	14320	91
Cuyuna	0.103	14428	35
Cyrus	0.111	14446	41
Dakota	0.079	14518	17
Dalton	0.101	14626	34
Danube	0.101	14716	34
Danvers	0.333	14734	99
Darfur	0.227	14770	93
Darwin	0.121	14842	48
Dassel	0.182	14878	82
Dawson	0.141	14968	62
Dayton	0.060	15022	9
Deephaven	0.047	15148	4
Deer Creek	0.276	15184	97
Deer River	0.213	15310	91
Deerwood	0.215	15346	92
De Graff	0.179	15418	81
Delano	0.065	15454	11
Delavan	0.144	15472	63
Delhi	0.342	15544	99
Dellwood	0.039	15616	2
Denham	0.128	15670	52
Dennison	0.163	15706	73
Dent	0.214	15724	91
Detroit Lakes	0.138	15832	59
Dexter	0.134	15886	57
Dilworth	0.111	15976	40
Dodge Center	0.068	15994	13
Donaldson	0.000	16030	1
Donnelly	0.097	16084	30
Doran	0.188	16156	84
Dover	0.040	16264	2
Dovray	0.136	16300	58
Duluth	0.124	17000	49
Dumont	0.041	17090	3
Dundas	0.043	17126	3
Dundee	0.065	17144	11
Dunnell	0.149	17180	67
Eagan	0.070	17288	13
Eagle Bend	0.174	17342	79
Eagle Lake	0.060	17378	9
East Bethel	0.095	17486	29
East Grand Forks	0.111	17612	41
East Gull Lake	0.081	17630	18
Easton	0.119	17738	46
Echo	0.086	17900	21
Eden Prairie	0.057	18116	8
Eden Valley	0.174	18134	79
Edgerton	0.119	18152	46
Edina	0.088	18188	24
Effie	0.082	18260	19
Eitzen	0.117	18368	45
Elba	0.205	18386	89
Elbow Lake	0.105	18458	37
Elgin	0.060	18530	9
Elizabeth	0.093	18566	28
Elko New Market	0.026	18662	2
Elk River	0.089	18674	25
Elkton	0.130	18728	54
Ellendale	0.126	18746	50
Ellsworth	0.131	18836	54
Elmdale	0.136	18872	58
Elmore	0.183	18998	82
Elrosa	0.161	19088	73
Ely	0.159	19142	72
Elysian	0.109	19160	39
Emily	0.148	19286	66
Emmons	0.095	19340	29
Erhard	0.190	19556	85
Erskine	0.150	19700	67
Evan	0.314	19880	99
Evansville	0.186	19898	83
Eveleth	0.139	19934	60
Excelsior	0.122	20078	49
Eyota	0.086	20114	22
Fairfax	0.180	20222	81
Fairmont	0.160	20330	72
Falcon Heights	0.057	20420	7
Faribault	0.120	20546	47
Farmington	0.055	20618	6
Farwell	0.176	20690	80
Federal Dam	0.213	20798	91
Felton	0.086	20834	22
Fergus Falls	0.166	20906	75
Fertile	0.164	20978	74
Fifty Lakes	0.199	21032	87
Finlayson	0.169	21122	77
Fisher	0.054	21158	6
Flensburg	0.144	21266	63
Floodwood	0.195	21338	86
Florence	0.091	21410	25
Foley	0.102	21536	34
Forada	0.121	21608	47
Forest Lake	0.097	21770	29
Foreston	0.092	21824	26
Fort Ripley	0.018	21932	1
Fosston	0.164	21986	74
Fountain	0.100	22094	33
Foxhome	0.044	22202	3
Franklin	0.133	22364	56
Frazee	0.157	22472	71
Freeborn	0.116	22526	44
Freeport	0.067	22652	13
Fridley	0.102	22814	35
Frost	0.155	22940	70
Fulda	0.171	22958	78
Garfield	0.127	23120	51
Garrison	0.222	23192	93
Garvin	0.090	23228	25
Gary	0.094	23246	28
Gaylord	0.174	23300	79
Gem Lake	0.049	23318	5
Geneva	0.140	23354	61
Genola	0.054	23444	5
Georgetown	0.056	23498	7
Ghent	0.082	23660	19
Gibbon	0.142	23678	63
Gilbert	0.139	23714	60
Gilman	0.058	23804	8
Glencoe	0.092	23948	26
Glenville	0.059	24056	9
Glenwood	0.153	24074	69
Glyndon	0.084	24182	20
Golden Valley	0.109	24308	39
Gonvick	0.198	24344	87
Goodhue	0.082	24398	19
Goodridge	0.162	24470	73
Good Thunder	0.175	24506	79
Goodview	0.102	24524	34
Graceville	0.165	24758	75
Granada	0.108	24884	38
Grand Marais	0.149	24992	66
Grand Meadow	0.125	25010	49
Grand Rapids	0.184	25118	83
Granite Falls	0.181	25280	82
Grant	0.098	25334	31
Grasston	0.168	25424	76
Greenbush	0.152	25604	68
Greenfield	0.071	25622	14
Green Isle	0.100	25658	33
Greenwald	0.073	25874	15
Greenwood	0.032	25918	2
Grey Eagle	0.121	26000	48
Grove City	0.091	26126	25
Grygla	0.194	26216	86
Gully	0.065	26270	11
Hackensack	0.183	26378	82
Hadley	0.091	26450	25
Hallock	0.140	26576	61
Halma	0.286	26612	97
Halstad	0.151	26630	67
Hamburg	0.077	26666	16
Ham Lake	0.068	26738	13
Hammond	0.167	26828	76
Hampton	0.044	26864	3
Hancock	0.111	26936	41
Hanley Falls	0.077	26972	16
Hanover	0.025	26990	1
Hanska	0.126	27008	50
Harding	0.284	27098	97
Hardwick	0.142	27116	62
Harmony	0.227	27188	94
Harris	0.113	27278	42
Hartland	0.092	27404	26
Hastings	0.114	27530	42
Hatfield	0.056	27566	6
Hawley	0.082	27746	19
Hayfield	0.078	27872	17
Hayward	0.132	27944	55
Hazel Run	0.125	28016	49
Hector	0.157	28124	71
Heidelberg	0.029	28214	2
Henderson	0.164	28394	74
Hendricks	0.187	28430	84
Hendrum	0.132	28484	55
Henning	0.252	28520	96
Henriette	0.340	28574	99
Herman	0.242	28646	95
Hermantown	0.115	28682	43
Heron Lake	0.141	28700	62
Hewitt	0.247	28754	95
Hibbing	0.191	28790	85
Hill City	0.236	29096	94
Hillman	0.026	29150	1
Hills	0.121	29204	48
Hilltop	0.178	29258	81
Hinckley	0.170	29294	77
Hitterdal	0.106	29402	37
Hoffman	0.142	29474	63
Hokah	0.077	29510	16
Holdingford	0.105	29582	37
Holland	0.162	29618	73
Hollandale	0.161	29636	73
Holloway	0.138	29672	59
Holt	0.111	29870	41
Hopkins	0.115	30140	43
Houston	0.155	30230	70
Howard Lake	0.097	30284	30
Hoyt Lakes	0.172	30302	78
Hugo	0.064	30392	11
Humboldt	0.160	30446	72
Hutchinson	0.113	30644	41
Ihlen	0.512	30806	100
Independence	0.046	30842	4
International Falls	0.176	31040	80
Inver Grove Heights	0.104	31076	35
Iona	0.144	31094	64
Iron Junction	0.367	31238	100
Ironton	0.147	31274	65
Isanti	0.094	31328	28
Isle	0.215	31472	92
Ivanhoe	0.140	31526	61
Jackson	0.119	31562	46
Janesville	0.088	31706	24
Jasper	0.188	31760	84
Jeffers	0.092	31796	26
Jenkins	0.087	31832	23
Johnson	0.000	32012	1
Jordan	0.106	32174	37
Kandiyohi	0.111	32372	41
Karlstad	0.206	32444	89
Kasota	0.124	32462	49
Kasson	0.082	32498	19
Keewatin	0.128	32570	52
Kelliher	0.233	32606	94
Kellogg	0.267	32642	96
Kennedy	0.195	32732	86
Kenneth	0.038	32750	2
Kensington	0.086	32768	22
Kent	0.176	32786	80
Kenyon	0.114	32840	43
Kerkhoven	0.111	32876	41
Kerrick	0.224	32912	93
Kettle River	0.125	32966	49
Kiester	0.140	33056	62
Kilkenny	0.071	33110	14
Kimball	0.128	33164	52
Kinbrae	0.000	33236	1
Kingston	0.152	33344	68
Kinney	0.313	33416	99
La Crescent	0.070	33866	14
Lafayette	0.117	33920	45
Lake Benton	0.109	34100	39
Lake Bronson	0.179	34136	81
Lake City	0.113	34172	41
Lake Crystal	0.121	34190	48
Lake Elmo	0.058	34244	8
Lakefield	0.110	34316	40
Lake Henry	0.217	34478	92
Lakeland	0.065	34622	11
Lakeland Shores	0.135	34658	57
Lake Lillian	0.167	34676	76
Lake Park	0.098	34784	31
Lake St Croix Beach	0.118	34865	46
Lake Shore	0.139	34928	60
Lakeville	0.064	35180	10
Lake Wilson	0.130	35198	53
Lamberton	0.127	35288	51
Lancaster	0.134	35378	57
Landfall	0.109	35414	38
Lanesboro	0.138	35450	59
Laporte	0.130	35612	54
La Prairie	0.105	35648	37
La Salle	0.085	35702	20
Lastrup	0.175	35720	79
Lauderdale	0.065	35738	12
Le Center	0.107	36134	38
Lengby	0.287	36404	98
Leonard	0.241	36494	95
Leonidas	0.309	36530	98
Le Roy	0.129	36620	53
Lester Prairie	0.091	36728	25
Le Sueur	0.113	36746	42
Lewiston	0.114	36800	42
Lewisville	0.214	36818	91
Lexington	0.152	36836	69
Lilydale	0.169	37016	77
Lindstrom	0.093	37304	27
Lino Lakes	0.062	37322	10
Lismore	0.114	37412	42
Litchfield	0.133	37448	56
Little Canada	0.142	37502	62
Little Falls	0.193	37556	85
Littlefork	0.276	37592	97
Long Beach	0.131	37970	54
Long Lake	0.109	38006	39
Long Prairie	0.121	38060	47
Longville	0.188	38114	84
Lonsdale	0.061	38150	10
Loretto	0.074	38222	15
Louisburg	0.214	38258	92
Lowry	0.084	38366	20
Lucan	0.092	38420	26
Luverne	0.130	38564	54
Lyle	0.169	38654	77
Lynd	0.090	38708	25
Mabel	0.180	38888	82
McGrath	0.286	38996	97
McGregor	0.319	39014	99
McIntosh	0.210	39050	90
McKinley	0.189	39140	84
Madelia	0.116	39230	44
Madison	0.156	39266	71
Madison Lake	0.064	39320	11
Magnolia	0.086	39338	21
Mahnomen	0.195	39392	86
Mahtomedi	0.097	39428	30
Manchester	0.450	39716	100
Manhattan Beach	0.178	39806	80
Mankato	0.095	39878	29
Mantorville	0.099	39986	31
Maple Grove	0.050	40166	5
Maple Lake	0.099	40220	32
Maple Plain	0.087	40256	22
Mapleton	0.146	40310	65
Mapleview	0.205	40346	88
Maplewood	0.108	40382	38
Marble	0.284	40418	97
Marietta	0.400	40526	100
Marine on St Croix	0.099	40562	32
Marshall	0.112	40688	41
Mayer	0.057	41138	7
Maynard	0.121	41210	48
Mazeppa	0.092	41282	27
Meadowlands	0.205	41372	88
Medford	0.077	41426	16
Medicine Lake	0.044	41462	3
Medina	0.040	41480	3
Meire Grove	0.217	41534	92
Melrose	0.092	41570	26
Menahga	0.205	41660	89
Mendota	0.099	41678	32
Mendota Heights	0.086	41696	22
Mentor	0.300	41714	98
Middle River	0.101	41912	34
Miesville	0.057	42092	7
Milaca	0.175	42110	79
Milan	0.209	42146	90
Millerville	0.062	42254	10
Millville	0.214	42290	92
Milroy	0.189	42362	84
Miltona	0.206	42398	89
Minneapolis	0.101	43000	33
Minneiska	0.130	43036	54
Minneota	0.168	43126	76
Minnesota City	0.097	43144	29
Minnesota Lake	0.147	43198	66
Minnetonka	0.088	43252	24
Minnetonka Beach	0.036	43270	2
Minnetrista	0.067	43306	12
Mizpah	0.111	43540	41
Montevideo	0.152	43720	68
Montgomery	0.085	43738	21
Monticello	0.086	43774	21
Montrose	0.060	43810	9
Moorhead	0.105	43864	36
Moose Lake	0.251	43954	96
Mora	0.183	44044	82
Morgan	0.122	44116	48
Morris	0.109	44242	39
Morristown	0.129	44296	53
Morton	0.059	44368	9
Motley	0.155	44422	70
Mound	0.100	44476	33
Mounds View	0.096	44530	29
Mountain Iron	0.087	44548	23
Mountain Lake	0.164	44566	75
Murdock	0.058	44818	8
Myrtle	0.177	44890	80
Nashua	0.085	44944	21
Nashwauk	0.210	44980	90
Nassau	0.159	45016	72
Nelson	0.144	45106	63
Nerstrand	0.057	45196	8
Nevis	0.110	45340	40
New Auburn	0.178	45376	81
New Brighton	0.098	45430	31
Newfolden	0.105	45520	36
New Germany	0.115	45556	43
New Hope	0.133	45628	56
New London	0.137	45682	59
New Munich	0.080	45772	18
Newport	0.090	45790	25
New Prague	0.099	45808	32
New Richland	0.138	45862	59
New Trier	0.164	46024	75
New Ulm	0.115	46042	43
New York Mills	0.185	46060	83
Nicollet	0.131	46150	54
Nielsville	0.148	46258	66
Nimrod	0.267	46294	96
Nisswa	0.110	46348	39
Norcross	0.200	46492	87
North Branch	0.105	46798	37
Northfield	0.065	46924	11
North Mankato	0.097	47068	30
North Oaks	0.129	47104	52
Northome	0.205	47122	89
Northrop	0.091	47212	26
North St Paul	0.114	47221	43
Norwood Young America	0.104	47520	36
Nowthen	0.080	47536	18
Oakdale	0.084	47680	20
Oak Grove	0.073	47690	14
Oak Park Heights	0.167	47914	76
Odessa	0.164	48058	74
Odin	0.099	48094	32
Ogema	0.162	48130	73
Ogilvie	0.188	48166	84
Okabena	0.136	48184	58
Oklee	0.231	48202	94
Olivia	0.133	48256	56
Onamia	0.223	48310	93
Ormsby	0.119	48562	46
Orono	0.062	48580	10
Oronoco	0.066	48598	12
Orr	0.089	48634	24
Ortonville	0.170	48706	78
Osakis	0.200	48796	87
Oslo	0.123	48976	49
Osseo	0.150	49012	67
Ostrander	0.179	49030	81
Otsego	0.056	49138	6
Ottertail	0.109	49210	39
Owatonna	0.101	49300	34
Palisade	0.302	49498	98
Parkers Prairie	0.158	49732	72
Park Rapids	0.201	49768	88
Paynesville	0.144	49966	64
Pease	0.153	50056	69
Pelican Rapids	0.146	50164	65
Pemberton	0.087	50200	22
Pennock	0.097	50344	30
Pequot Lakes	0.154	50416	70
Perham	0.165	50470	75
Perley	0.115	50506	43
Peterson	0.180	50596	82
Pierz	0.202	50776	88
Pillager	0.186	50902	83
Pine City	0.211	51064	90
Pine Island	0.078	51136	17
Pine River	0.241	51280	95
Pine Springs	0.044	51316	3
Pipestone	0.156	51388	71
Plainview	0.078	51424	17
Plato	0.126	51460	50
Plummer	0.132	51712	55
Plymouth	0.075	51730	15
Porter	0.140	52144	61
Preston	0.147	52450	66
Princeton	0.197	52522	86
Prinsburg	0.058	52558	8
Prior Lake	0.066	52594	12
Proctor	0.153	52630	69
Quamba	0.144	52756	64
Racine	0.093	52882	27
Ramsey	0.081	53026	19
Randall	0.136	53080	58
Randolph	0.105	53098	36
Ranier	0.149	53134	67
Raymond	0.131	53296	54
Red Lake Falls	0.144	53476	63
Red Wing	0.121	53620	47
Redwood Falls	0.153	53656	69
Regal	0.265	53710	96
Remer	0.219	53782	92
Renville	0.170	53890	77
Revere	0.250	53908	95
Rice	0.081	53998	18
Richfield	0.106	54214	37
Richmond	0.146	54268	65
Richville	0.144	54340	64
Riverton	0.116	54736	44
Robbinsdale	0.144	54808	64
Rochester	0.086	54880	21
Rock Creek	0.089	54934	24
Rockford	0.066	55006	12
Rockville	0.067	55078	12
Rogers	0.060	55186	9
Rollingstone	0.095	55276	28
Roosevelt	0.206	55438	89
Roscoe	0.116	55510	44
Roseau	0.138	55546	60
Rose Creek	0.135	55600	58
Rosemount	0.067	55726	13
Roseville	0.121	55852	47
Rothsay	0.087	56014	23
Round Lake	0.106	56086	37
Royalton	0.087	56176	23
Rush City	0.128	56266	52
Rushford	0.083	56284	19
Rushford Village	0.104	56302	36
Rushmore	0.158	56338	72
Russell	0.127	56428	51
Ruthton	0.147	56482	65
Rutledge	0.162	56518	73
Sabin	0.072	56554	14
Sacred Heart	0.142	56572	63
St Anthony	0.136	56680	58
St Augusta	0.070	56724	14
St Bonifacius	0.093	56770	27
St Charles	0.075	56788	15
St Clair	0.039	56824	2
St Cloud	0.125	56896	50
St Francis	0.137	56950	59
St Hilaire	0.202	57022	88
St James	0.107	57040	38
St Joseph	0.053	57130	5
St Leo	0.140	57202	61
St Louis Park	0.088	57220	23
St Martin	0.076	57238	16
St Marys Point	0.060	57292	9
St Michael	0.047	57346	4
St Paul	0.114	58000	42
St Paul Park	0.055	58018	6
St Peter	0.095	58036	28
St Rosa	0.022	58072	1
St Stephen	0.080	58090	18
St Vincent	0.207	58144	90
Sanborn	0.178	58306	80
Sandstone	0.219	58396	92
Sargeant	0.240	58576	94
Sartell	0.099	58612	32
Sauk Centre	0.177	58648	80
Sauk Rapids	0.127	58684	51
Savage	0.057	58738	8
Scandia	0.078	58900	17
Scanlon	0.153	58936	69
Seaforth	0.066	59098	12
Sebeka	0.147	59152	66
Sedan	0.014	59188	1
Shafer	0.085	59314	21
Shakopee	0.066	59350	12
Shelly	0.145	59566	65
Sherburn	0.133	59620	56
Shevlin	0.152	59782	68
Shoreview	0.087	59998	23
Shorewood	0.049	60016	5
Silver Bay	0.157	60250	71
Silver Lake	0.127	60376	51
Skyline	0.168	60754	77
Slayton	0.189	60808	84
Sleepy Eye	0.110	60844	39
Sobieski	0.080	61006	18
Solway	0.088	61114	24
South Haven	0.107	61402	38
South St Paul	0.109	61492	38
Spicer	0.151	61690	68
Springfield	0.194	61816	86
Spring Grove	0.191	61852	85
Spring Hill	0.055	61888	6
Spring Lake Park	0.121	61996	47
Spring Park	0.150	62014	67
Spring Valley	0.130	62104	53
Squaw Lake	0.091	62284	25
Stacy	0.132	62320	55
Staples	0.196	62446	86
Starbuck	0.262	62500	96
Steen	0.114	62662	43
Stephen	0.161	62698	72
Stewart	0.139	62788	60
Stewartville	0.064	62806	10
Stillwater	0.088	62824	23
Stockton	0.122	62896	48
Storden	0.173	63022	78
Strandquist	0.103	63112	35
Strathcona	0.000	63130	1
Sturgeon Lake	0.145	63220	65
Sunburg	0.157	63454	71
Sunfish Lake	0.098	63544	31
Swanville	0.114	63778	42
Taconite	0.153	64048	69
Tamarack	0.203	64156	88
Taopi	0.180	64210	82
Taunton	0.048	64264	4
Taylors Falls	0.139	64318	60
Tenstrike	0.109	64444	39
Thief River Falls	0.128	64570	52
Thomson	0.055	64750	6
Tintah	0.047	64948	4
Tonka Bay	0.048	65164	5
Tower	0.213	65272	91
Tracy	0.184	65308	83
Trail	0.432	65344	100
Trimont	0.185	65470	83
Trommald	0.113	65506	42
Trosky	0.200	65542	87
Truman	0.127	65668	50
Turtle River	0.099	65794	31
Twin Lakes	0.073	65920	15
Twin Valley	0.129	65938	53
Two Harbors	0.148	65956	66
Tyler	0.199	66046	87
Ulen	0.161	66136	73
Underwood	0.111	66172	41
Upsala	0.157	66334	71
Urbank	0.134	66388	57
Utica	0.093	66424	27
Vadnais Heights	0.083	66460	20
Vergas	0.195	66766	86
Vermillion	0.069	66802	13
Verndale	0.279	66874	97
Vernon Center	0.101	66910	33
Vesta	0.104	66982	36
Victoria	0.047	67036	4
Viking	0.000	67090	1
Villard	0.158	67144	71
Vining	0.083	67216	20
Virginia	0.205	67288	89
Wabasha	0.190	67378	85
Wabasso	0.097	67396	30
Waconia	0.078	67432	16
Wadena	0.187	67504	84
Wahkon	0.140	67558	61
Waite Park	0.138	67612	59
Waldorf	0.211	67756	90
Walker	0.283	67792	97
Walnut Grove	0.213	67846	91
Walters	0.103	67900	35
Waltham	0.068	67918	13
Wanamingo	0.152	67972	69
Wanda	0.081	68008	18
Warba	0.171	68080	78
Warren	0.149	68170	67
Warroad	0.102	68224	34
Waseca	0.115	68296	43
Watertown	0.116	68548	44
Waterville	0.154	68584	70
Watkins	0.097	68620	30
Watson	0.083	68656	20
Waubun	0.118	68674	45
Waverly	0.067	68764	12
Wayzata	0.134	68818	56
Welcome	0.117	69070	44
Wells	0.132	69106	55
Wendell	0.292	69142	98
Westbrook	0.132	69250	55
West Concord	0.135	69304	57
Westport	0.190	69628	85
West St Paul	0.121	69700	47
West Union	0.000	69736	1
Whalan	0.062	69808	10
Wheaton	0.151	69844	67
White Bear Lake	0.097	69970	29
Wilder	0.100	70258	33
Willernie	0.112	70366	41
Williams	0.145	70402	65
Willmar	0.140	70420	60
Willow River	0.094	70492	28
Wilmont	0.122	70582	48
Wilton	0.096	70708	29
Windom	0.155	70798	70
Winger	0.088	70870	24
Winnebago	0.164	70924	74
Winona	0.105	71032	36
Winsted	0.117	71086	45
Winthrop	0.105	71122	36
Winton	0.059	71140	8
Wolf Lake	0.140	71338	61
Wolverton	0.200	71392	87
Woodbury	0.056	71428	7
Wood Lake	0.127	71446	51
Woodland	0.037	71500	2
Woodstock	0.118	71680	46
Worthington	0.117	71734	44
Wrenshall	0.078	71788	17
Wright	0.092	71824	26
Wykoff	0.129	71950	53
Wyoming	0.095	72022	29
Zemple	0.132	72184	55
Zimmerman	0.063	72238	10
Zumbro Falls	0.086	72310	22
Zumbrota	0.086	72328	22
